1 2
100 3
100 2
100 1
0 2
100 2
100 1
2 2
100 3
100 2
100 2
100 1
1 2
100 1
100 2
100 1
49 10
51 13
244 28
842 24
166 95
171 87
555 69
303 0
116 68
80 82
380 100
302 21
894 6
664 94
69 86
72 61
583 2
498 55
783 15
309 46
548 9
75 83
208 45
491 87
827 95
426 92
893 71
599 10
342 93
648 36
953 82
869 29
940 4
668 47
58 21
938 50
464 10
659 53
861 40
517 99
927 47
481 47
138 33
637 14
759 25
284 21
208 22
654 12
116 39
519 17
542 61
843 79
944 1
631 96
141 88
862 28
592 63
310 18
831 5
373 35
77 51
599 10
420 55
533 70
969 70
925 12
765 18
942 51
483 62
691 74
798 43
912 58
807 83
543 80
756 69
762 95
62 68
122 8
902 66
971 28
308 88
625 76
411 74
974 90
229 66
320 98
956 69
862 23
613 37
783 21
690 85
858 5
698 99
748 50
231 79
916 91
221 2
609 57
40 99
282 27
281 8
436 16
736 100
667 71
314 68
889 26
883 43
531 81
989 38
724 23
12 46
652 91
978 47
730 67
241 74
878 19
619 60
796 73
885 96
861 61
187 57
888 69
815 19
863 97
816 26
295 93
281 95
917 59
820 99
311 15
89 62
784 97
6 51
653 61
715 98
77 60
965 70
748 94
518 69
963 60
19 91
125 36
844 97
447 10
523 100
778 65
219 25
255 95
889 21
27 11
905 14
740 58
755 89
531 92
941 58
712 10
894 71
837 11
705 77
577 89
388 27
64 84
382 5
115 91
919 46
885 30
16 91
490 79
297 28
870 49
407 65
205 91
796 61
624 39
966 91
264 35
167 65
177 19
56 16
144 95
974 80
49 79
13 99
86 46
93 79
354 93
573 12
487 9
666 49